	[48;2;45;73;4;38;2;0;0;0m    73  [0m[48;2;25;151;49;38;2;0;0;0m    151  [0m[48;2;235;6;214;38;2;0;0;0m    6  [0m[48;2;19;202;58;38;2;0;0;0m    202  [0m[48;2;130;21;120;38;2;0;0;0m    21  [0m[48;2;213;127;228;38;2;0;0;0m    127  [0m[48;2;241;216;203;38;2;0;0;0m    216  [0m[48;2;68;74;108;38;2;0;0;0m    74  [0m[48;2;241;1;35;38;2;0;0;0m    1  [0m[48;2;91;112;192;38;2;0;0;0m    112  [0m[48;2;135;9;24;38;2;0;0;0m    9  [0m[48;2;208;70;63;38;2;0;0;0m    70  [0m[48;2;113;202;180;38;2;0;0;0m    202  [0m[48;2;113;177;174;38;2;0;0;0m    177  [0m[48;2;242;79;64;38;2;0;0;0m    79  [0m[48;2;86;83;92;38;2;0;0;0m    83  [0m
[frame]
	[48;2;45;73;4;38;2;0;0;0m    73  [0m[48;2;25;151;49;38;2;0;0;0m    151  [0m[48;2;235;6;214;38;2;0;0;0m    6  [0m[48;2;130;21;120;38;2;0;0;0m    21  [0m[48;2;19;202;58;38;2;0;0;0m    202  [0m[48;2;213;127;228;38;2;0;0;0m    127  [0m[48;2;241;216;203;38;2;0;0;0m    216  [0m[48;2;68;74;108;38;2;0;0;0m    74  [0m[48;2;241;1;35;38;2;0;0;0m    1  [0m[48;2;91;112;192;38;2;0;0;0m    112  [0m[48;2;135;9;24;38;2;0;0;0m    9  [0m[48;2;208;70;63;38;2;0;0;0m    70  [0m[48;2;113;202;180;38;2;0;0;0m    202  [0m[48;2;113;177;174;38;2;0;0;0m    177  [0m[48;2;242;79;64;38;2;0;0;0m    79  [0m[48;2;86;83;92;38;2;0;0;0m    83  [0m
[frame]
	[48;2;45;73;4;38;2;0;0;0m    73  [0m[48;2;25;151;49;38;2;0;0;0m    151  [0m[48;2;235;6;214;38;2;0;0;0m    6  [0m[48;2;130;21;120;38;2;0;0;0m    21  [0m[48;2;213;127;228;38;2;0;0;0m    127  [0m[48;2;19;202;58;38;2;0;0;0m    202  [0m[48;2;241;216;203;38;2;0;0;0m    216  [0m[48;2;68;74;108;38;2;0;0;0m    74  [0m[48;2;241;1;35;38;2;0;0;0m    1  [0m[48;2;91;112;192;38;2;0;0;0m    112  [0m[48;2;135;9;24;38;2;0;0;0m    9  [0m[48;2;208;70;63;38;2;0;0;0m    70  [0m[48;2;113;202;180;38;2;0;0;0m    202  [0m[48;2;113;177;174;38;2;0;0;0m    177  [0m[48;2;242;79;64;38;2;0;0;0m    79  [0m[48;2;86;83;92;38;2;0;0;0m    83  [0m
[frame]
	[48;2;45;73;4;38;2;0;0;0m    73  [0m[48;2;25;151;49;38;2;0;0;0m    151  [0m[48;2;235;6;214;38;2;0;0;0m    6  [0m[48;2;130;21;120;38;2;0;0;0m    21  [0m[48;2;213;127;228;38;2;0;0;0m    127  [0m[48;2;19;202;58;38;2;0;0;0m    202  [0m[48;2;68;74;108;38;2;0;0;0m    74  [0m[48;2;241;216;203;38;2;0;0;0m    216  [0m[48;2;241;1;35;38;2;0;0;0m    1  [0m[48;2;91;112;192;38;2;0;0;0m    112  [0m[48;2;135;9;24;38;2;0;0;0m    9  [0m[48;2;208;70;63;38;2;0;0;0m    70  [0m[48;2;113;202;180;38;2;0;0;0m    202  [0m[48;2;113;177;174;38;2;0;0;0m    177  [0m[48;2;242;79;64;38;2;0;0;0m    79  [0m[48;2;86;83;92;38;2;0;0;0m    83  [0m
[frame]
	[48;2;45;73;4;38;2;0;0;0m    73  [0m[48;2;25;151;49;38;2;0;0;0m    151  [0m[48;2;235;6;214;38;2;0;0;0m    6  [0m[48;2;130;21;120;38;2;0;0;0m    21  [0m[48;2;213;127;228;38;2;0;0;0m    127  [0m[48;2;19;202;58;38;2;0;0;0m    202  [0m[48;2;68;74;108;38;2;0;0;0m    74  [0m[48;2;241;1;35;38;2;0;0;0m    1  [0m[48;2;241;216;203;38;2;0;0;0m    216  [0m[48;2;91;112;192;38;2;0;0;0m    112  [0m[48;2;135;9;24;38;2;0;0;0m    9  [0m[48;2;208;70;63;38;2;0;0;0m    70  [0m[48;2;113;202;180;38;2;0;0;0m    202  [0m[48;2;113;177;174;38;2;0;0;0m    177  [0m[48;2;242;79;64;38;2;0;0;0m    79  [0m[48;2;86;83;92;38;2;0;0;0m    83  [0m
[frame]
	[48;2;45;73;4;38;2;0;0;0m    73  [0m[48;2;25;151;49;38;2;0;0;0m    151  [0m[48;2;235;6;214;38;2;0;0;0m    6  [0m[48;2;130;21;120;38;2;0;0;0m    21  [0m[48;2;213;127;228;38;2;0;0;0m    127  [0m[48;2;19;202;58;38;2;0;0;0m    202  [0m[48;2;68;74;108;38;2;0;0;0m    74  [0m[48;2;241;1;35;38;2;0;0;0m    1  [0m[48;2;91;112;192;38;2;0;0;0m    112  [0m[48;2;241;216;203;38;2;0;0;0m    216  [0m[48;2;135;9;24;38;2;0;0;0m    9  [0m[48;2;208;70;63;38;2;0;0;0m    70  [0m[48;2;113;202;180;38;2;0;0;0m    202  [0m[48;2;113;177;174;38;2;0;0;0m    177  [0m[48;2;242;79;64;38;2;0;0;0m    79  [0m[48;2;86;83;92;38;2;0;0;0m    83  [0m
[frame]
	[48;2;45;73;4;38;2;0;0;0m    73  [0m[48;2;25;151;49;38;2;0;0;0m    151  [0m[48;2;235;6;214;38;2;0;0;0m    6  [0m[48;2;130;21;120;38;2;0;0;0m    21  [0m[48;2;213;127;228;38;2;0;0;0m    127  [0m[48;2;19;202;58;38;2;0;0;0m    202  [0m[48;2;68;74;108;38;2;0;0;0m    74  [0m[48;2;241;1;35;38;2;0;0;0m    1  [0m[48;2;91;112;192;38;2;0;0;0m    112  [0m[48;2;135;9;24;38;2;0;0;0m    9  [0m[48;2;241;216;203;38;2;0;0;0m    216  [0m[48;2;208;70;63;38;2;0;0;0m    70  [0m[48;2;113;202;180;38;2;0;0;0m    202  [0m[48;2;113;177;174;38;2;0;0;0m    177  [0m[48;2;242;79;64;38;2;0;0;0m    79  [0m[48;2;86;83;92;38;2;0;0;0m    83  [0m
[frame]
	[48;2;45;73;4;38;2;0;0;0m    73  [0m[48;2;25;151;49;38;2;0;0;0m    151  [0m[48;2;235;6;214;38;2;0;0;0m    6  [0m[48;2;130;21;120;38;2;0;0;0m    21  [0m[48;2;213;127;228;38;2;0;0;0m    127  [0m[48;2;19;202;58;38;2;0;0;0m    202  [0m[48;2;68;74;108;38;2;0;0;0m    74  [0m[48;2;241;1;35;38;2;0;0;0m    1  [0m[48;2;91;112;192;38;2;0;0;0m    112  [0m[48;2;135;9;24;38;2;0;0;0m    9  [0m[48;2;208;70;63;38;2;0;0;0m    70  [0m[48;2;241;216;203;38;2;0;0;0m    216  [0m[48;2;113;202;180;38;2;0;0;0m    202  [0m[48;2;113;177;174;38;2;0;0;0m    177  [0m[48;2;242;79;64;38;2;0;0;0m    79  [0m[48;2;86;83;92;38;2;0;0;0m    83  [0m
[frame]
	[48;2;45;73;4;38;2;0;0;0m    73  [0m[48;2;25;151;49;38;2;0;0;0m    151  [0m[48;2;235;6;214;38;2;0;0;0m    6  [0m[48;2;130;21;120;38;2;0;0;0m    21  [0m[48;2;213;127;228;38;2;0;0;0m    127  [0m[48;2;19;202;58;38;2;0;0;0m    202  [0m[48;2;68;74;108;38;2;0;0;0m    74  [0m[48;2;241;1;35;38;2;0;0;0m    1  [0m[48;2;91;112;192;38;2;0;0;0m    112  [0m[48;2;135;9;24;38;2;0;0;0m    9  [0m[48;2;208;70;63;38;2;0;0;0m    70  [0m[48;2;113;202;180;38;2;0;0;0m    202  [0m[48;2;241;216;203;38;2;0;0;0m    216  [0m[48;2;113;177;174;38;2;0;0;0m    177  [0m[48;2;242;79;64;38;2;0;0;0m    79  [0m[48;2;86;83;92;38;2;0;0;0m    83  [0m
[frame]
	[48;2;45;73;4;38;2;0;0;0m    73  [0m[48;2;25;151;49;38;2;0;0;0m    151  [0m[48;2;235;6;214;38;2;0;0;0m    6  [0m[48;2;130;21;120;38;2;0;0;0m    21  [0m[48;2;213;127;228;38;2;0;0;0m    127  [0m[48;2;19;202;58;38;2;0;0;0m    202  [0m[48;2;68;74;108;38;2;0;0;0m    74  [0m[48;2;241;1;35;38;2;0;0;0m    1  [0m[48;2;91;112;192;38;2;0;0;0m    112  [0m[48;2;135;9;24;38;2;0;0;0m    9  [0m[48;2;208;70;63;38;2;0;0;0m    70  [0m[48;2;113;202;180;38;2;0;0;0m    202  [0m[48;2;113;177;174;38;2;0;0;0m    177  [0m[48;2;241;216;203;38;2;0;0;0m    216  [0m[48;2;242;79;64;38;2;0;0;0m    79  [0m[48;2;86;83;92;38;2;0;0;0m    83  [0m
[frame]
	[48;2;45;73;4;38;2;0;0;0m    73  [0m[48;2;25;151;49;38;2;0;0;0m    151  [0m[48;2;235;6;214;38;2;0;0;0m    6  [0m[48;2;130;21;120;38;2;0;0;0m    21  [0m[48;2;213;127;228;38;2;0;0;0m    127  [0m[48;2;19;202;58;38;2;0;0;0m    202  [0m[48;2;68;74;108;38;2;0;0;0m    74  [0m[48;2;241;1;35;38;2;0;0;0m    1  [0m[48;2;91;112;192;38;2;0;0;0m    112  [0m[48;2;135;9;24;38;2;0;0;0m    9  [0m[48;2;208;70;63;38;2;0;0;0m    70  [0m[48;2;113;202;180;38;2;0;0;0m    202  [0m[48;2;113;177;174;38;2;0;0;0m    177  [0m[48;2;242;79;64;38;2;0;0;0m    79  [0m[48;2;241;216;203;38;2;0;0;0m    216  [0m[48;2;86;83;92;38;2;0;0;0m    83  [0m
[frame]
	[48;2;45;73;4;38;2;0;0;0m    73  [0m[48;2;25;151;49;38;2;0;0;0m    151  [0m[48;2;235;6;214;38;2;0;0;0m    6  [0m[48;2;130;21;120;38;2;0;0;0m    21  [0m[48;2;213;127;228;38;2;0;0;0m    127  [0m[48;2;19;202;58;38;2;0;0;0m    202  [0m[48;2;68;74;108;38;2;0;0;0m    74  [0m[48;2;241;1;35;38;2;0;0;0m    1  [0m[48;2;91;112;192;38;2;0;0;0m    112  [0m[48;2;135;9;24;38;2;0;0;0m    9  [0m[48;2;208;70;63;38;2;0;0;0m    70  [0m[48;2;113;202;180;38;2;0;0;0m    202  [0m[48;2;113;177;174;38;2;0;0;0m    177  [0m[48;2;242;79;64;38;2;0;0;0m    79  [0m[48;2;86;83;92;38;2;0;0;0m    83  [0m[48;2;241;216;203;38;2;0;0;0m    216  [0m
[frame]
	[48;2;45;73;4;38;2;0;0;0m    73  [0m[48;2;235;6;214;38;2;0;0;0m    6  [0m[48;2;25;151;49;38;2;0;0;0m    151  [0m[48;2;130;21;120;38;2;0;0;0m    21  [0m[48;2;213;127;228;38;2;0;0;0m    127  [0m[48;2;19;202;58;38;2;0;0;0m    202  [0m[48;2;68;74;108;38;2;0;0;0m    74  [0m[48;2;241;1;35;38;2;0;0;0m    1  [0m[48;2;91;112;192;38;2;0;0;0m    112  [0m[48;2;135;9;24;38;2;0;0;0m    9  [0m[48;2;208;70;63;38;2;0;0;0m    70  [0m[48;2;113;202;180;38;2;0;0;0m    202  [0m[48;2;113;177;174;38;2;0;0;0m    177  [0m[48;2;242;79;64;38;2;0;0;0m    79  [0m[48;2;86;83;92;38;2;0;0;0m    83  [0m[48;2;241;216;203;38;2;0;0;0m    216  [0m
[frame]
	[48;2;45;73;4;38;2;0;0;0m    73  [0m[48;2;235;6;214;38;2;0;0;0m    6  [0m[48;2;130;21;120;38;2;0;0;0m    21  [0m[48;2;25;151;49;38;2;0;0;0m    151  [0m[48;2;213;127;228;38;2;0;0;0m    127  [0m[48;2;19;202;58;38;2;0;0;0m    202  [0m[48;2;68;74;108;38;2;0;0;0m    74  [0m[48;2;241;1;35;38;2;0;0;0m    1  [0m[48;2;91;112;192;38;2;0;0;0m    112  [0m[48;2;135;9;24;38;2;0;0;0m    9  [0m[48;2;208;70;63;38;2;0;0;0m    70  [0m[48;2;113;202;180;38;2;0;0;0m    202  [0m[48;2;113;177;174;38;2;0;0;0m    177  [0m[48;2;242;79;64;38;2;0;0;0m    79  [0m[48;2;86;83;92;38;2;0;0;0m    83  [0m[48;2;241;216;203;38;2;0;0;0m    216  [0m
[frame]
	[48;2;45;73;4;38;2;0;0;0m    73  [0m[48;2;235;6;214;38;2;0;0;0m    6  [0m[48;2;130;21;120;38;2;0;0;0m    21  [0m[48;2;213;127;228;38;2;0;0;0m    127  [0m[48;2;25;151;49;38;2;0;0;0m    151  [0m[48;2;19;202;58;38;2;0;0;0m    202  [0m[48;2;68;74;108;38;2;0;0;0m    74  [0m[48;2;241;1;35;38;2;0;0;0m    1  [0m[48;2;91;112;192;38;2;0;0;0m    112  [0m[48;2;135;9;24;38;2;0;0;0m    9  [0m[48;2;208;70;63;38;2;0;0;0m    70  [0m[48;2;113;202;180;38;2;0;0;0m    202  [0m[48;2;113;177;174;38;2;0;0;0m    177  [0m[48;2;242;79;64;38;2;0;0;0m    79  [0m[48;2;86;83;92;38;2;0;0;0m    83  [0m[48;2;241;216;203;38;2;0;0;0m    216  [0m
[frame]
	[48;2;45;73;4;38;2;0;0;0m    73  [0m[48;2;235;6;214;38;2;0;0;0m    6  [0m[48;2;130;21;120;38;2;0;0;0m    21  [0m[48;2;213;127;228;38;2;0;0;0m    127  [0m[48;2;25;151;49;38;2;0;0;0m    151  [0m[48;2;68;74;108;38;2;0;0;0m    74  [0m[48;2;19;202;58;38;2;0;0;0m    202  [0m[48;2;241;1;35;38;2;0;0;0m    1  [0m[48;2;91;112;192;38;2;0;0;0m    112  [0m[48;2;135;9;24;38;2;0;0;0m    9  [0m[48;2;208;70;63;38;2;0;0;0m    70  [0m[48;2;113;202;180;38;2;0;0;0m    202  [0m[48;2;113;177;174;38;2;0;0;0m    177  [0m[48;2;242;79;64;38;2;0;0;0m    79  [0m[48;2;86;83;92;38;2;0;0;0m    83  [0m[48;2;241;216;203;38;2;0;0;0m    216  [0m
[frame]
	[48;2;45;73;4;38;2;0;0;0m    73  [0m[48;2;235;6;214;38;2;0;0;0m    6  [0m[48;2;130;21;120;38;2;0;0;0m    21  [0m[48;2;213;127;228;38;2;0;0;0m    127  [0m[48;2;25;151;49;38;2;0;0;0m    151  [0m[48;2;68;74;108;38;2;0;0;0m    74  [0m[48;2;241;1;35;38;2;0;0;0m    1  [0m[48;2;19;202;58;38;2;0;0;0m    202  [0m[48;2;91;112;192;38;2;0;0;0m    112  [0m[48;2;135;9;24;38;2;0;0;0m    9  [0m[48;2;208;70;63;38;2;0;0;0m    70  [0m[48;2;113;202;180;38;2;0;0;0m    202  [0m[48;2;113;177;174;38;2;0;0;0m    177  [0m[48;2;242;79;64;38;2;0;0;0m    79  [0m[48;2;86;83;92;38;2;0;0;0m    83  [0m[48;2;241;216;203;38;2;0;0;0m    216  [0m
[frame]
	[48;2;45;73;4;38;2;0;0;0m    73  [0m[48;2;235;6;214;38;2;0;0;0m    6  [0m[48;2;130;21;120;38;2;0;0;0m    21  [0m[48;2;213;127;228;38;2;0;0;0m    127  [0m[48;2;25;151;49;38;2;0;0;0m    151  [0m[48;2;68;74;108;38;2;0;0;0m    74  [0m[48;2;241;1;35;38;2;0;0;0m    1  [0m[48;2;91;112;192;38;2;0;0;0m    112  [0m[48;2;19;202;58;38;2;0;0;0m    202  [0m[48;2;135;9;24;38;2;0;0;0m    9  [0m[48;2;208;70;63;38;2;0;0;0m    70  [0m[48;2;113;202;180;38;2;0;0;0m    202  [0m[48;2;113;177;174;38;2;0;0;0m    177  [0m[48;2;242;79;64;38;2;0;0;0m    79  [0m[48;2;86;83;92;38;2;0;0;0m    83  [0m[48;2;241;216;203;38;2;0;0;0m    216  [0m
[frame]
	[48;2;45;73;4;38;2;0;0;0m    73  [0m[48;2;235;6;214;38;2;0;0;0m    6  [0m[48;2;130;21;120;38;2;0;0;0m    21  [0m[48;2;213;127;228;38;2;0;0;0m    127  [0m[48;2;25;151;49;38;2;0;0;0m    151  [0m[48;2;68;74;108;38;2;0;0;0m    74  [0m[48;2;241;1;35;38;2;0;0;0m    1  [0m[48;2;91;112;192;38;2;0;0;0m    112  [0m[48;2;135;9;24;38;2;0;0;0m    9  [0m[48;2;19;202;58;38;2;0;0;0m    202  [0m[48;2;208;70;63;38;2;0;0;0m    70  [0m[48;2;113;202;180;38;2;0;0;0m    202  [0m[48;2;113;177;174;38;2;0;0;0m    177  [0m[48;2;242;79;64;38;2;0;0;0m    79  [0m[48;2;86;83;92;38;2;0;0;0m    83  [0m[48;2;241;216;203;38;2;0;0;0m    216  [0m
[frame]
	[48;2;45;73;4;38;2;0;0;0m    73  [0m[48;2;235;6;214;38;2;0;0;0m    6  [0m[48;2;130;21;120;38;2;0;0;0m    21  [0m[48;2;213;127;228;38;2;0;0;0m    127  [0m[48;2;25;151;49;38;2;0;0;0m    151  [0m[48;2;68;74;108;38;2;0;0;0m    74  [0m[48;2;241;1;35;38;2;0;0;0m    1  [0m[48;2;91;112;192;38;2;0;0;0m    112  [0m[48;2;135;9;24;38;2;0;0;0m    9  [0m[48;2;208;70;63;38;2;0;0;0m    70  [0m[48;2;19;202;58;38;2;0;0;0m    202  [0m[48;2;113;202;180;38;2;0;0;0m    202  [0m[48;2;113;177;174;38;2;0;0;0m    177  [0m[48;2;242;79;64;38;2;0;0;0m    79  [0m[48;2;86;83;92;38;2;0;0;0m    83  [0m[48;2;241;216;203;38;2;0;0;0m    216  [0m
[frame]
	[48;2;45;73;4;38;2;0;0;0m    73  [0m[48;2;235;6;214;38;2;0;0;0m    6  [0m[48;2;130;21;120;38;2;0;0;0m    21  [0m[48;2;213;127;228;38;2;0;0;0m    127  [0m[48;2;25;151;49;38;2;0;0;0m    151  [0m[48;2;68;74;108;38;2;0;0;0m    74  [0m[48;2;241;1;35;38;2;0;0;0m    1  [0m[48;2;91;112;192;38;2;0;0;0m    112  [0m[48;2;135;9;24;38;2;0;0;0m    9  [0m[48;2;208;70;63;38;2;0;0;0m    70  [0m[48;2;19;202;58;38;2;0;0;0m    202  [0m[48;2;113;177;174;38;2;0;0;0m    177  [0m[48;2;113;202;180;38;2;0;0;0m    202  [0m[48;2;242;79;64;38;2;0;0;0m    79  [0m[48;2;86;83;92;38;2;0;0;0m    83  [0m[48;2;241;216;203;38;2;0;0;0m    216  [0m
[frame]
	[48;2;45;73;4;38;2;0;0;0m    73  [0m[48;2;235;6;214;38;2;0;0;0m    6  [0m[48;2;130;21;120;38;2;0;0;0m    21  [0m[48;2;213;127;228;38;2;0;0;0m    127  [0m[48;2;25;151;49;38;2;0;0;0m    151  [0m[48;2;68;74;108;38;2;0;0;0m    74  [0m[48;2;241;1;35;38;2;0;0;0m    1  [0m[48;2;91;112;192;38;2;0;0;0m    112  [0m[48;2;135;9;24;38;2;0;0;0m    9  [0m[48;2;208;70;63;38;2;0;0;0m    70  [0m[48;2;19;202;58;38;2;0;0;0m    202  [0m[48;2;113;177;174;38;2;0;0;0m    177  [0m[48;2;242;79;64;38;2;0;0;0m    79  [0m[48;2;113;202;180;38;2;0;0;0m    202  [0m[48;2;86;83;92;38;2;0;0;0m    83  [0m[48;2;241;216;203;38;2;0;0;0m    216  [0m
[frame]
	[48;2;45;73;4;38;2;0;0;0m    73  [0m[48;2;235;6;214;38;2;0;0;0m    6  [0m[48;2;130;21;120;38;2;0;0;0m    21  [0m[48;2;213;127;228;38;2;0;0;0m    127  [0m[48;2;25;151;49;38;2;0;0;0m    151  [0m[48;2;68;74;108;38;2;0;0;0m    74  [0m[48;2;241;1;35;38;2;0;0;0m    1  [0m[48;2;91;112;192;38;2;0;0;0m    112  [0m[48;2;135;9;24;38;2;0;0;0m    9  [0m[48;2;208;70;63;38;2;0;0;0m    70  [0m[48;2;19;202;58;38;2;0;0;0m    202  [0m[48;2;113;177;174;38;2;0;0;0m    177  [0m[48;2;242;79;64;38;2;0;0;0m    79  [0m[48;2;86;83;92;38;2;0;0;0m    83  [0m[48;2;113;202;180;38;2;0;0;0m    202  [0m[48;2;241;216;203;38;2;0;0;0m    216  [0m
[frame]
	[48;2;235;6;214;38;2;0;0;0m    6  [0m[48;2;45;73;4;38;2;0;0;0m    73  [0m[48;2;130;21;120;38;2;0;0;0m    21  [0m[48;2;213;127;228;38;2;0;0;0m    127  [0m[48;2;25;151;49;38;2;0;0;0m    151  [0m[48;2;68;74;108;38;2;0;0;0m    74  [0m[48;2;241;1;35;38;2;0;0;0m    1  [0m[48;2;91;112;192;38;2;0;0;0m    112  [0m[48;2;135;9;24;38;2;0;0;0m    9  [0m[48;2;208;70;63;38;2;0;0;0m    70  [0m[48;2;19;202;58;38;2;0;0;0m    202  [0m[48;2;113;177;174;38;2;0;0;0m    177  [0m[48;2;242;79;64;38;2;0;0;0m    79  [0m[48;2;86;83;92;38;2;0;0;0m    83  [0m[48;2;113;202;180;38;2;0;0;0m    202  [0m[48;2;241;216;203;38;2;0;0;0m    216  [0m
[frame]
	[48;2;235;6;214;38;2;0;0;0m    6  [0m[48;2;130;21;120;38;2;0;0;0m    21  [0m[48;2;45;73;4;38;2;0;0;0m    73  [0m[48;2;213;127;228;38;2;0;0;0m    127  [0m[48;2;25;151;49;38;2;0;0;0m    151  [0m[48;2;68;74;108;38;2;0;0;0m    74  [0m[48;2;241;1;35;38;2;0;0;0m    1  [0m[48;2;91;112;192;38;2;0;0;0m    112  [0m[48;2;135;9;24;38;2;0;0;0m    9  [0m[48;2;208;70;63;38;2;0;0;0m    70  [0m[48;2;19;202;58;38;2;0;0;0m    202  [0m[48;2;113;177;174;38;2;0;0;0m    177  [0m[48;2;242;79;64;38;2;0;0;0m    79  [0m[48;2;86;83;92;38;2;0;0;0m    83  [0m[48;2;113;202;180;38;2;0;0;0m    202  [0m[48;2;241;216;203;38;2;0;0;0m    216  [0m
[frame]
	[48;2;235;6;214;38;2;0;0;0m    6  [0m[48;2;130;21;120;38;2;0;0;0m    21  [0m[48;2;45;73;4;38;2;0;0;0m    73  [0m[48;2;213;127;228;38;2;0;0;0m    127  [0m[48;2;68;74;108;38;2;0;0;0m    74  [0m[48;2;25;151;49;38;2;0;0;0m    151  [0m[48;2;241;1;35;38;2;0;0;0m    1  [0m[48;2;91;112;192;38;2;0;0;0m    112  [0m[48;2;135;9;24;38;2;0;0;0m    9  [0m[48;2;208;70;63;38;2;0;0;0m    70  [0m[48;2;19;202;58;38;2;0;0;0m    202  [0m[48;2;113;177;174;38;2;0;0;0m    177  [0m[48;2;242;79;64;38;2;0;0;0m    79  [0m[48;2;86;83;92;38;2;0;0;0m    83  [0m[48;2;113;202;180;38;2;0;0;0m    202  [0m[48;2;241;216;203;38;2;0;0;0m    216  [0m
[frame]
	[48;2;235;6;214;38;2;0;0;0m    6  [0m[48;2;130;21;120;38;2;0;0;0m    21  [0m[48;2;45;73;4;38;2;0;0;0m    73  [0m[48;2;213;127;228;38;2;0;0;0m    127  [0m[48;2;68;74;108;38;2;0;0;0m    74  [0m[48;2;241;1;35;38;2;0;0;0m    1  [0m[48;2;25;151;49;38;2;0;0;0m    151  [0m[48;2;91;112;192;38;2;0;0;0m    112  [0m[48;2;135;9;24;38;2;0;0;0m    9  [0m[48;2;208;70;63;38;2;0;0;0m    70  [0m[48;2;19;202;58;38;2;0;0;0m    202  [0m[48;2;113;177;174;38;2;0;0;0m    177  [0m[48;2;242;79;64;38;2;0;0;0m    79  [0m[48;2;86;83;92;38;2;0;0;0m    83  [0m[48;2;113;202;180;38;2;0;0;0m    202  [0m[48;2;241;216;203;38;2;0;0;0m    216  [0m
[frame]
	[48;2;235;6;214;38;2;0;0;0m    6  [0m[48;2;130;21;120;38;2;0;0;0m    21  [0m[48;2;45;73;4;38;2;0;0;0m    73  [0m[48;2;213;127;228;38;2;0;0;0m    127  [0m[48;2;68;74;108;38;2;0;0;0m    74  [0m[48;2;241;1;35;38;2;0;0;0m    1  [0m[48;2;91;112;192;38;2;0;0;0m    112  [0m[48;2;25;151;49;38;2;0;0;0m    151  [0m[48;2;135;9;24;38;2;0;0;0m    9  [0m[48;2;208;70;63;38;2;0;0;0m    70  [0m[48;2;19;202;58;38;2;0;0;0m    202  [0m[48;2;113;177;174;38;2;0;0;0m    177  [0m[48;2;242;79;64;38;2;0;0;0m    79  [0m[48;2;86;83;92;38;2;0;0;0m    83  [0m[48;2;113;202;180;38;2;0;0;0m    202  [0m[48;2;241;216;203;38;2;0;0;0m    216  [0m
[frame]
	[48;2;235;6;214;38;2;0;0;0m    6  [0m[48;2;130;21;120;38;2;0;0;0m    21  [0m[48;2;45;73;4;38;2;0;0;0m    73  [0m[48;2;213;127;228;38;2;0;0;0m    127  [0m[48;2;68;74;108;38;2;0;0;0m    74  [0m[48;2;241;1;35;38;2;0;0;0m    1  [0m[48;2;91;112;192;38;2;0;0;0m    112  [0m[48;2;135;9;24;38;2;0;0;0m    9  [0m[48;2;25;151;49;38;2;0;0;0m    151  [0m[48;2;208;70;63;38;2;0;0;0m    70  [0m[48;2;19;202;58;38;2;0;0;0m    202  [0m[48;2;113;177;174;38;2;0;0;0m    177  [0m[48;2;242;79;64;38;2;0;0;0m    79  [0m[48;2;86;83;92;38;2;0;0;0m    83  [0m[48;2;113;202;180;38;2;0;0;0m    202  [0m[48;2;241;216;203;38;2;0;0;0m    216  [0m
[frame]
	[48;2;235;6;214;38;2;0;0;0m    6  [0m[48;2;130;21;120;38;2;0;0;0m    21  [0m[48;2;45;73;4;38;2;0;0;0m    73  [0m[48;2;213;127;228;38;2;0;0;0m    127  [0m[48;2;68;74;108;38;2;0;0;0m    74  [0m[48;2;241;1;35;38;2;0;0;0m    1  [0m[48;2;91;112;192;38;2;0;0;0m    112  [0m[48;2;135;9;24;38;2;0;0;0m    9  [0m[48;2;208;70;63;38;2;0;0;0m    70  [0m[48;2;25;151;49;38;2;0;0;0m    151  [0m[48;2;19;202;58;38;2;0;0;0m    202  [0m[48;2;113;177;174;38;2;0;0;0m    177  [0m[48;2;242;79;64;38;2;0;0;0m    79  [0m[48;2;86;83;92;38;2;0;0;0m    83  [0m[48;2;113;202;180;38;2;0;0;0m    202  [0m[48;2;241;216;203;38;2;0;0;0m    216  [0m
[frame]
	[48;2;235;6;214;38;2;0;0;0m    6  [0m[48;2;130;21;120;38;2;0;0;0m    21  [0m[48;2;45;73;4;38;2;0;0;0m    73  [0m[48;2;213;127;228;38;2;0;0;0m    127  [0m[48;2;68;74;108;38;2;0;0;0m    74  [0m[48;2;241;1;35;38;2;0;0;0m    1  [0m[48;2;91;112;192;38;2;0;0;0m    112  [0m[48;2;135;9;24;38;2;0;0;0m    9  [0m[48;2;208;70;63;38;2;0;0;0m    70  [0m[48;2;25;151;49;38;2;0;0;0m    151  [0m[48;2;113;177;174;38;2;0;0;0m    177  [0m[48;2;19;202;58;38;2;0;0;0m    202  [0m[48;2;242;79;64;38;2;0;0;0m    79  [0m[48;2;86;83;92;38;2;0;0;0m    83  [0m[48;2;113;202;180;38;2;0;0;0m    202  [0m[48;2;241;216;203;38;2;0;0;0m    216  [0m
[frame]
	[48;2;235;6;214;38;2;0;0;0m    6  [0m[48;2;130;21;120;38;2;0;0;0m    21  [0m[48;2;45;73;4;38;2;0;0;0m    73  [0m[48;2;213;127;228;38;2;0;0;0m    127  [0m[48;2;68;74;108;38;2;0;0;0m    74  [0m[48;2;241;1;35;38;2;0;0;0m    1  [0m[48;2;91;112;192;38;2;0;0;0m    112  [0m[48;2;135;9;24;38;2;0;0;0m    9  [0m[48;2;208;70;63;38;2;0;0;0m    70  [0m[48;2;25;151;49;38;2;0;0;0m    151  [0m[48;2;113;177;174;38;2;0;0;0m    177  [0m[48;2;242;79;64;38;2;0;0;0m    79  [0m[48;2;19;202;58;38;2;0;0;0m    202  [0m[48;2;86;83;92;38;2;0;0;0m    83  [0m[48;2;113;202;180;38;2;0;0;0m    202  [0m[48;2;241;216;203;38;2;0;0;0m    216  [0m
[frame]
	[48;2;235;6;214;38;2;0;0;0m    6  [0m[48;2;130;21;120;38;2;0;0;0m    21  [0m[48;2;45;73;4;38;2;0;0;0m    73  [0m[48;2;213;127;228;38;2;0;0;0m    127  [0m[48;2;68;74;108;38;2;0;0;0m    74  [0m[48;2;241;1;35;38;2;0;0;0m    1  [0m[48;2;91;112;192;38;2;0;0;0m    112  [0m[48;2;135;9;24;38;2;0;0;0m    9  [0m[48;2;208;70;63;38;2;0;0;0m    70  [0m[48;2;25;151;49;38;2;0;0;0m    151  [0m[48;2;113;177;174;38;2;0;0;0m    177  [0m[48;2;242;79;64;38;2;0;0;0m    79  [0m[48;2;86;83;92;38;2;0;0;0m    83  [0m[48;2;19;202;58;38;2;0;0;0m    202  [0m[48;2;113;202;180;38;2;0;0;0m    202  [0m[48;2;241;216;203;38;2;0;0;0m    216  [0m
[frame]
	[48;2;235;6;214;38;2;0;0;0m    6  [0m[48;2;130;21;120;38;2;0;0;0m    21  [0m[48;2;45;73;4;38;2;0;0;0m    73  [0m[48;2;68;74;108;38;2;0;0;0m    74  [0m[48;2;213;127;228;38;2;0;0;0m    127  [0m[48;2;241;1;35;38;2;0;0;0m    1  [0m[48;2;91;112;192;38;2;0;0;0m    112  [0m[48;2;135;9;24;38;2;0;0;0m    9  [0m[48;2;208;70;63;38;2;0;0;0m    70  [0m[48;2;25;151;49;38;2;0;0;0m    151  [0m[48;2;113;177;174;38;2;0;0;0m    177  [0m[48;2;242;79;64;38;2;0;0;0m    79  [0m[48;2;86;83;92;38;2;0;0;0m    83  [0m[48;2;19;202;58;38;2;0;0;0m    202  [0m[48;2;113;202;180;38;2;0;0;0m    202  [0m[48;2;241;216;203;38;2;0;0;0m    216  [0m
[frame]
	[48;2;235;6;214;38;2;0;0;0m    6  [0m[48;2;130;21;120;38;2;0;0;0m    21  [0m[48;2;45;73;4;38;2;0;0;0m    73  [0m[48;2;68;74;108;38;2;0;0;0m    74  [0m[48;2;241;1;35;38;2;0;0;0m    1  [0m[48;2;213;127;228;38;2;0;0;0m    127  [0m[48;2;91;112;192;38;2;0;0;0m    112  [0m[48;2;135;9;24;38;2;0;0;0m    9  [0m[48;2;208;70;63;38;2;0;0;0m    70  [0m[48;2;25;151;49;38;2;0;0;0m    151  [0m[48;2;113;177;174;38;2;0;0;0m    177  [0m[48;2;242;79;64;38;2;0;0;0m    79  [0m[48;2;86;83;92;38;2;0;0;0m    83  [0m[48;2;19;202;58;38;2;0;0;0m    202  [0m[48;2;113;202;180;38;2;0;0;0m    202  [0m[48;2;241;216;203;38;2;0;0;0m    216  [0m
[frame]
	[48;2;235;6;214;38;2;0;0;0m    6  [0m[48;2;130;21;120;38;2;0;0;0m    21  [0m[48;2;45;73;4;38;2;0;0;0m    73  [0m[48;2;68;74;108;38;2;0;0;0m    74  [0m[48;2;241;1;35;38;2;0;0;0m    1  [0m[48;2;91;112;192;38;2;0;0;0m    112  [0m[48;2;213;127;228;38;2;0;0;0m    127  [0m[48;2;135;9;24;38;2;0;0;0m    9  [0m[48;2;208;70;63;38;2;0;0;0m    70  [0m[48;2;25;151;49;38;2;0;0;0m    151  [0m[48;2;113;177;174;38;2;0;0;0m    177  [0m[48;2;242;79;64;38;2;0;0;0m    79  [0m[48;2;86;83;92;38;2;0;0;0m    83  [0m[48;2;19;202;58;38;2;0;0;0m    202  [0m[48;2;113;202;180;38;2;0;0;0m    202  [0m[48;2;241;216;203;38;2;0;0;0m    216  [0m
[frame]
	[48;2;235;6;214;38;2;0;0;0m    6  [0m[48;2;130;21;120;38;2;0;0;0m    21  [0m[48;2;45;73;4;38;2;0;0;0m    73  [0m[48;2;68;74;108;38;2;0;0;0m    74  [0m[48;2;241;1;35;38;2;0;0;0m    1  [0m[48;2;91;112;192;38;2;0;0;0m    112  [0m[48;2;135;9;24;38;2;0;0;0m    9  [0m[48;2;213;127;228;38;2;0;0;0m    127  [0m[48;2;208;70;63;38;2;0;0;0m    70  [0m[48;2;25;151;49;38;2;0;0;0m    151  [0m[48;2;113;177;174;38;2;0;0;0m    177  [0m[48;2;242;79;64;38;2;0;0;0m    79  [0m[48;2;86;83;92;38;2;0;0;0m    83  [0m[48;2;19;202;58;38;2;0;0;0m    202  [0m[48;2;113;202;180;38;2;0;0;0m    202  [0m[48;2;241;216;203;38;2;0;0;0m    216  [0m
[frame]
	[48;2;235;6;214;38;2;0;0;0m    6  [0m[48;2;130;21;120;38;2;0;0;0m    21  [0m[48;2;45;73;4;38;2;0;0;0m    73  [0m[48;2;68;74;108;38;2;0;0;0m    74  [0m[48;2;241;1;35;38;2;0;0;0m    1  [0m[48;2;91;112;192;38;2;0;0;0m    112  [0m[48;2;135;9;24;38;2;0;0;0m    9  [0m[48;2;208;70;63;38;2;0;0;0m    70  [0m[48;2;213;127;228;38;2;0;0;0m    127  [0m[48;2;25;151;49;38;2;0;0;0m    151  [0m[48;2;113;177;174;38;2;0;0;0m    177  [0m[48;2;242;79;64;38;2;0;0;0m    79  [0m[48;2;86;83;92;38;2;0;0;0m    83  [0m[48;2;19;202;58;38;2;0;0;0m    202  [0m[48;2;113;202;180;38;2;0;0;0m    202  [0m[48;2;241;216;203;38;2;0;0;0m    216  [0m
[frame]
	[48;2;235;6;214;38;2;0;0;0m    6  [0m[48;2;130;21;120;38;2;0;0;0m    21  [0m[48;2;45;73;4;38;2;0;0;0m    73  [0m[48;2;68;74;108;38;2;0;0;0m    74  [0m[48;2;241;1;35;38;2;0;0;0m    1  [0m[48;2;91;112;192;38;2;0;0;0m    112  [0m[48;2;135;9;24;38;2;0;0;0m    9  [0m[48;2;208;70;63;38;2;0;0;0m    70  [0m[48;2;213;127;228;38;2;0;0;0m    127  [0m[48;2;25;151;49;38;2;0;0;0m    151  [0m[48;2;242;79;64;38;2;0;0;0m    79  [0m[48;2;113;177;174;38;2;0;0;0m    177  [0m[48;2;86;83;92;38;2;0;0;0m    83  [0m[48;2;19;202;58;38;2;0;0;0m    202  [0m[48;2;113;202;180;38;2;0;0;0m    202  [0m[48;2;241;216;203;38;2;0;0;0m    216  [0m
[frame]
	[48;2;235;6;214;38;2;0;0;0m    6  [0m[48;2;130;21;120;38;2;0;0;0m    21  [0m[48;2;45;73;4;38;2;0;0;0m    73  [0m[48;2;68;74;108;38;2;0;0;0m    74  [0m[48;2;241;1;35;38;2;0;0;0m    1  [0m[48;2;91;112;192;38;2;0;0;0m    112  [0m[48;2;135;9;24;38;2;0;0;0m    9  [0m[48;2;208;70;63;38;2;0;0;0m    70  [0m[48;2;213;127;228;38;2;0;0;0m    127  [0m[48;2;25;151;49;38;2;0;0;0m    151  [0m[48;2;242;79;64;38;2;0;0;0m    79  [0m[48;2;86;83;92;38;2;0;0;0m    83  [0m[48;2;113;177;174;38;2;0;0;0m    177  [0m[48;2;19;202;58;38;2;0;0;0m    202  [0m[48;2;113;202;180;38;2;0;0;0m    202  [0m[48;2;241;216;203;38;2;0;0;0m    216  [0m
[frame]
	[48;2;235;6;214;38;2;0;0;0m    6  [0m[48;2;130;21;120;38;2;0;0;0m    21  [0m[48;2;45;73;4;38;2;0;0;0m    73  [0m[48;2;241;1;35;38;2;0;0;0m    1  [0m[48;2;68;74;108;38;2;0;0;0m    74  [0m[48;2;91;112;192;38;2;0;0;0m    112  [0m[48;2;135;9;24;38;2;0;0;0m    9  [0m[48;2;208;70;63;38;2;0;0;0m    70  [0m[48;2;213;127;228;38;2;0;0;0m    127  [0m[48;2;25;151;49;38;2;0;0;0m    151  [0m[48;2;242;79;64;38;2;0;0;0m    79  [0m[48;2;86;83;92;38;2;0;0;0m    83  [0m[48;2;113;177;174;38;2;0;0;0m    177  [0m[48;2;19;202;58;38;2;0;0;0m    202  [0m[48;2;113;202;180;38;2;0;0;0m    202  [0m[48;2;241;216;203;38;2;0;0;0m    216  [0m
[frame]
	[48;2;235;6;214;38;2;0;0;0m    6  [0m[48;2;130;21;120;38;2;0;0;0m    21  [0m[48;2;45;73;4;38;2;0;0;0m    73  [0m[48;2;241;1;35;38;2;0;0;0m    1  [0m[48;2;68;74;108;38;2;0;0;0m    74  [0m[48;2;135;9;24;38;2;0;0;0m    9  [0m[48;2;91;112;192;38;2;0;0;0m    112  [0m[48;2;208;70;63;38;2;0;0;0m    70  [0m[48;2;213;127;228;38;2;0;0;0m    127  [0m[48;2;25;151;49;38;2;0;0;0m    151  [0m[48;2;242;79;64;38;2;0;0;0m    79  [0m[48;2;86;83;92;38;2;0;0;0m    83  [0m[48;2;113;177;174;38;2;0;0;0m    177  [0m[48;2;19;202;58;38;2;0;0;0m    202  [0m[48;2;113;202;180;38;2;0;0;0m    202  [0m[48;2;241;216;203;38;2;0;0;0m    216  [0m
[frame]
	[48;2;235;6;214;38;2;0;0;0m    6  [0m[48;2;130;21;120;38;2;0;0;0m    21  [0m[48;2;45;73;4;38;2;0;0;0m    73  [0m[48;2;241;1;35;38;2;0;0;0m    1  [0m[48;2;68;74;108;38;2;0;0;0m    74  [0m[48;2;135;9;24;38;2;0;0;0m    9  [0m[48;2;208;70;63;38;2;0;0;0m    70  [0m[48;2;91;112;192;38;2;0;0;0m    112  [0m[48;2;213;127;228;38;2;0;0;0m    127  [0m[48;2;25;151;49;38;2;0;0;0m    151  [0m[48;2;242;79;64;38;2;0;0;0m    79  [0m[48;2;86;83;92;38;2;0;0;0m    83  [0m[48;2;113;177;174;38;2;0;0;0m    177  [0m[48;2;19;202;58;38;2;0;0;0m    202  [0m[48;2;113;202;180;38;2;0;0;0m    202  [0m[48;2;241;216;203;38;2;0;0;0m    216  [0m
[frame]
	[48;2;235;6;214;38;2;0;0;0m    6  [0m[48;2;130;21;120;38;2;0;0;0m    21  [0m[48;2;45;73;4;38;2;0;0;0m    73  [0m[48;2;241;1;35;38;2;0;0;0m    1  [0m[48;2;68;74;108;38;2;0;0;0m    74  [0m[48;2;135;9;24;38;2;0;0;0m    9  [0m[48;2;208;70;63;38;2;0;0;0m    70  [0m[48;2;91;112;192;38;2;0;0;0m    112  [0m[48;2;213;127;228;38;2;0;0;0m    127  [0m[48;2;242;79;64;38;2;0;0;0m    79  [0m[48;2;25;151;49;38;2;0;0;0m    151  [0m[48;2;86;83;92;38;2;0;0;0m    83  [0m[48;2;113;177;174;38;2;0;0;0m    177  [0m[48;2;19;202;58;38;2;0;0;0m    202  [0m[48;2;113;202;180;38;2;0;0;0m    202  [0m[48;2;241;216;203;38;2;0;0;0m    216  [0m
[frame]
	[48;2;235;6;214;38;2;0;0;0m    6  [0m[48;2;130;21;120;38;2;0;0;0m    21  [0m[48;2;45;73;4;38;2;0;0;0m    73  [0m[48;2;241;1;35;38;2;0;0;0m    1  [0m[48;2;68;74;108;38;2;0;0;0m    74  [0m[48;2;135;9;24;38;2;0;0;0m    9  [0m[48;2;208;70;63;38;2;0;0;0m    70  [0m[48;2;91;112;192;38;2;0;0;0m    112  [0m[48;2;213;127;228;38;2;0;0;0m    127  [0m[48;2;242;79;64;38;2;0;0;0m    79  [0m[48;2;86;83;92;38;2;0;0;0m    83  [0m[48;2;25;151;49;38;2;0;0;0m    151  [0m[48;2;113;177;174;38;2;0;0;0m    177  [0m[48;2;19;202;58;38;2;0;0;0m    202  [0m[48;2;113;202;180;38;2;0;0;0m    202  [0m[48;2;241;216;203;38;2;0;0;0m    216  [0m
[frame]
	[48;2;235;6;214;38;2;0;0;0m    6  [0m[48;2;130;21;120;38;2;0;0;0m    21  [0m[48;2;241;1;35;38;2;0;0;0m    1  [0m[48;2;45;73;4;38;2;0;0;0m    73  [0m[48;2;68;74;108;38;2;0;0;0m    74  [0m[48;2;135;9;24;38;2;0;0;0m    9  [0m[48;2;208;70;63;38;2;0;0;0m    70  [0m[48;2;91;112;192;38;2;0;0;0m    112  [0m[48;2;213;127;228;38;2;0;0;0m    127  [0m[48;2;242;79;64;38;2;0;0;0m    79  [0m[48;2;86;83;92;38;2;0;0;0m    83  [0m[48;2;25;151;49;38;2;0;0;0m    151  [0m[48;2;113;177;174;38;2;0;0;0m    177  [0m[48;2;19;202;58;38;2;0;0;0m    202  [0m[48;2;113;202;180;38;2;0;0;0m    202  [0m[48;2;241;216;203;38;2;0;0;0m    216  [0m
[frame]
	[48;2;235;6;214;38;2;0;0;0m    6  [0m[48;2;130;21;120;38;2;0;0;0m    21  [0m[48;2;241;1;35;38;2;0;0;0m    1  [0m[48;2;45;73;4;38;2;0;0;0m    73  [0m[48;2;135;9;24;38;2;0;0;0m    9  [0m[48;2;68;74;108;38;2;0;0;0m    74  [0m[48;2;208;70;63;38;2;0;0;0m    70  [0m[48;2;91;112;192;38;2;0;0;0m    112  [0m[48;2;213;127;228;38;2;0;0;0m    127  [0m[48;2;242;79;64;38;2;0;0;0m    79  [0m[48;2;86;83;92;38;2;0;0;0m    83  [0m[48;2;25;151;49;38;2;0;0;0m    151  [0m[48;2;113;177;174;38;2;0;0;0m    177  [0m[48;2;19;202;58;38;2;0;0;0m    202  [0m[48;2;113;202;180;38;2;0;0;0m    202  [0m[48;2;241;216;203;38;2;0;0;0m    216  [0m
[frame]
	[48;2;235;6;214;38;2;0;0;0m    6  [0m[48;2;130;21;120;38;2;0;0;0m    21  [0m[48;2;241;1;35;38;2;0;0;0m    1  [0m[48;2;45;73;4;38;2;0;0;0m    73  [0m[48;2;135;9;24;38;2;0;0;0m    9  [0m[48;2;208;70;63;38;2;0;0;0m    70  [0m[48;2;68;74;108;38;2;0;0;0m    74  [0m[48;2;91;112;192;38;2;0;0;0m    112  [0m[48;2;213;127;228;38;2;0;0;0m    127  [0m[48;2;242;79;64;38;2;0;0;0m    79  [0m[48;2;86;83;92;38;2;0;0;0m    83  [0m[48;2;25;151;49;38;2;0;0;0m    151  [0m[48;2;113;177;174;38;2;0;0;0m    177  [0m[48;2;19;202;58;38;2;0;0;0m    202  [0m[48;2;113;202;180;38;2;0;0;0m    202  [0m[48;2;241;216;203;38;2;0;0;0m    216  [0m
[frame]
	[48;2;235;6;214;38;2;0;0;0m    6  [0m[48;2;130;21;120;38;2;0;0;0m    21  [0m[48;2;241;1;35;38;2;0;0;0m    1  [0m[48;2;45;73;4;38;2;0;0;0m    73  [0m[48;2;135;9;24;38;2;0;0;0m    9  [0m[48;2;208;70;63;38;2;0;0;0m    70  [0m[48;2;68;74;108;38;2;0;0;0m    74  [0m[48;2;91;112;192;38;2;0;0;0m    112  [0m[48;2;242;79;64;38;2;0;0;0m    79  [0m[48;2;213;127;228;38;2;0;0;0m    127  [0m[48;2;86;83;92;38;2;0;0;0m    83  [0m[48;2;25;151;49;38;2;0;0;0m    151  [0m[48;2;113;177;174;38;2;0;0;0m    177  [0m[48;2;19;202;58;38;2;0;0;0m    202  [0m[48;2;113;202;180;38;2;0;0;0m    202  [0m[48;2;241;216;203;38;2;0;0;0m    216  [0m
[frame]
	[48;2;235;6;214;38;2;0;0;0m    6  [0m[48;2;130;21;120;38;2;0;0;0m    21  [0m[48;2;241;1;35;38;2;0;0;0m    1  [0m[48;2;45;73;4;38;2;0;0;0m    73  [0m[48;2;135;9;24;38;2;0;0;0m    9  [0m[48;2;208;70;63;38;2;0;0;0m    70  [0m[48;2;68;74;108;38;2;0;0;0m    74  [0m[48;2;91;112;192;38;2;0;0;0m    112  [0m[48;2;242;79;64;38;2;0;0;0m    79  [0m[48;2;86;83;92;38;2;0;0;0m    83  [0m[48;2;213;127;228;38;2;0;0;0m    127  [0m[48;2;25;151;49;38;2;0;0;0m    151  [0m[48;2;113;177;174;38;2;0;0;0m    177  [0m[48;2;19;202;58;38;2;0;0;0m    202  [0m[48;2;113;202;180;38;2;0;0;0m    202  [0m[48;2;241;216;203;38;2;0;0;0m    216  [0m
[frame]
	[48;2;235;6;214;38;2;0;0;0m    6  [0m[48;2;241;1;35;38;2;0;0;0m    1  [0m[48;2;130;21;120;38;2;0;0;0m    21  [0m[48;2;45;73;4;38;2;0;0;0m    73  [0m[48;2;135;9;24;38;2;0;0;0m    9  [0m[48;2;208;70;63;38;2;0;0;0m    70  [0m[48;2;68;74;108;38;2;0;0;0m    74  [0m[48;2;91;112;192;38;2;0;0;0m    112  [0m[48;2;242;79;64;38;2;0;0;0m    79  [0m[48;2;86;83;92;38;2;0;0;0m    83  [0m[48;2;213;127;228;38;2;0;0;0m    127  [0m[48;2;25;151;49;38;2;0;0;0m    151  [0m[48;2;113;177;174;38;2;0;0;0m    177  [0m[48;2;19;202;58;38;2;0;0;0m    202  [0m[48;2;113;202;180;38;2;0;0;0m    202  [0m[48;2;241;216;203;38;2;0;0;0m    216  [0m
[frame]
	[48;2;235;6;214;38;2;0;0;0m    6  [0m[48;2;241;1;35;38;2;0;0;0m    1  [0m[48;2;130;21;120;38;2;0;0;0m    21  [0m[48;2;135;9;24;38;2;0;0;0m    9  [0m[48;2;45;73;4;38;2;0;0;0m    73  [0m[48;2;208;70;63;38;2;0;0;0m    70  [0m[48;2;68;74;108;38;2;0;0;0m    74  [0m[48;2;91;112;192;38;2;0;0;0m    112  [0m[48;2;242;79;64;38;2;0;0;0m    79  [0m[48;2;86;83;92;38;2;0;0;0m    83  [0m[48;2;213;127;228;38;2;0;0;0m    127  [0m[48;2;25;151;49;38;2;0;0;0m    151  [0m[48;2;113;177;174;38;2;0;0;0m    177  [0m[48;2;19;202;58;38;2;0;0;0m    202  [0m[48;2;113;202;180;38;2;0;0;0m    202  [0m[48;2;241;216;203;38;2;0;0;0m    216  [0m
[frame]
	[48;2;235;6;214;38;2;0;0;0m    6  [0m[48;2;241;1;35;38;2;0;0;0m    1  [0m[48;2;130;21;120;38;2;0;0;0m    21  [0m[48;2;135;9;24;38;2;0;0;0m    9  [0m[48;2;208;70;63;38;2;0;0;0m    70  [0m[48;2;45;73;4;38;2;0;0;0m    73  [0m[48;2;68;74;108;38;2;0;0;0m    74  [0m[48;2;91;112;192;38;2;0;0;0m    112  [0m[48;2;242;79;64;38;2;0;0;0m    79  [0m[48;2;86;83;92;38;2;0;0;0m    83  [0m[48;2;213;127;228;38;2;0;0;0m    127  [0m[48;2;25;151;49;38;2;0;0;0m    151  [0m[48;2;113;177;174;38;2;0;0;0m    177  [0m[48;2;19;202;58;38;2;0;0;0m    202  [0m[48;2;113;202;180;38;2;0;0;0m    202  [0m[48;2;241;216;203;38;2;0;0;0m    216  [0m
[frame]
	[48;2;235;6;214;38;2;0;0;0m    6  [0m[48;2;241;1;35;38;2;0;0;0m    1  [0m[48;2;130;21;120;38;2;0;0;0m    21  [0m[48;2;135;9;24;38;2;0;0;0m    9  [0m[48;2;208;70;63;38;2;0;0;0m    70  [0m[48;2;45;73;4;38;2;0;0;0m    73  [0m[48;2;68;74;108;38;2;0;0;0m    74  [0m[48;2;242;79;64;38;2;0;0;0m    79  [0m[48;2;91;112;192;38;2;0;0;0m    112  [0m[48;2;86;83;92;38;2;0;0;0m    83  [0m[48;2;213;127;228;38;2;0;0;0m    127  [0m[48;2;25;151;49;38;2;0;0;0m    151  [0m[48;2;113;177;174;38;2;0;0;0m    177  [0m[48;2;19;202;58;38;2;0;0;0m    202  [0m[48;2;113;202;180;38;2;0;0;0m    202  [0m[48;2;241;216;203;38;2;0;0;0m    216  [0m
[frame]
	[48;2;235;6;214;38;2;0;0;0m    6  [0m[48;2;241;1;35;38;2;0;0;0m    1  [0m[48;2;130;21;120;38;2;0;0;0m    21  [0m[48;2;135;9;24;38;2;0;0;0m    9  [0m[48;2;208;70;63;38;2;0;0;0m    70  [0m[48;2;45;73;4;38;2;0;0;0m    73  [0m[48;2;68;74;108;38;2;0;0;0m    74  [0m[48;2;242;79;64;38;2;0;0;0m    79  [0m[48;2;86;83;92;38;2;0;0;0m    83  [0m[48;2;91;112;192;38;2;0;0;0m    112  [0m[48;2;213;127;228;38;2;0;0;0m    127  [0m[48;2;25;151;49;38;2;0;0;0m    151  [0m[48;2;113;177;174;38;2;0;0;0m    177  [0m[48;2;19;202;58;38;2;0;0;0m    202  [0m[48;2;113;202;180;38;2;0;0;0m    202  [0m[48;2;241;216;203;38;2;0;0;0m    216  [0m
[frame]
	[48;2;241;1;35;38;2;0;0;0m    1  [0m[48;2;235;6;214;38;2;0;0;0m    6  [0m[48;2;130;21;120;38;2;0;0;0m    21  [0m[48;2;135;9;24;38;2;0;0;0m    9  [0m[48;2;208;70;63;38;2;0;0;0m    70  [0m[48;2;45;73;4;38;2;0;0;0m    73  [0m[48;2;68;74;108;38;2;0;0;0m    74  [0m[48;2;242;79;64;38;2;0;0;0m    79  [0m[48;2;86;83;92;38;2;0;0;0m    83  [0m[48;2;91;112;192;38;2;0;0;0m    112  [0m[48;2;213;127;228;38;2;0;0;0m    127  [0m[48;2;25;151;49;38;2;0;0;0m    151  [0m[48;2;113;177;174;38;2;0;0;0m    177  [0m[48;2;19;202;58;38;2;0;0;0m    202  [0m[48;2;113;202;180;38;2;0;0;0m    202  [0m[48;2;241;216;203;38;2;0;0;0m    216  [0m
[frame]
	[48;2;241;1;35;38;2;0;0;0m    1  [0m[48;2;235;6;214;38;2;0;0;0m    6  [0m[48;2;135;9;24;38;2;0;0;0m    9  [0m[48;2;130;21;120;38;2;0;0;0m    21  [0m[48;2;208;70;63;38;2;0;0;0m    70  [0m[48;2;45;73;4;38;2;0;0;0m    73  [0m[48;2;68;74;108;38;2;0;0;0m    74  [0m[48;2;242;79;64;38;2;0;0;0m    79  [0m[48;2;86;83;92;38;2;0;0;0m    83  [0m[48;2;91;112;192;38;2;0;0;0m    112  [0m[48;2;213;127;228;38;2;0;0;0m    127  [0m[48;2;25;151;49;38;2;0;0;0m    151  [0m[48;2;113;177;174;38;2;0;0;0m    177  [0m[48;2;19;202;58;38;2;0;0;0m    202  [0m[48;2;113;202;180;38;2;0;0;0m    202  [0m[48;2;241;216;203;38;2;0;0;0m    216  [0m
[frame]
